,PassengerId,Survived
0,1,0.0
1,2,1.0
2,3,0.0
3,4,0.0
4,5,1.0
5,6,0.0
6,7,1.0
7,8,0.0
8,9,1.0
9,10,0.0
10,11,0.0
11,12,0.0
12,13,1.0
13,14,0.0
14,15,1.0
15,16,1.0
16,17,0.0
17,18,0.0
18,19,1.0
19,20,1.0
20,21,0.0
21,22,0.0
22,23,1.0
23,24,0.0
24,25,1.0
25,26,0.0
26,27,1.0
27,28,0.0
28,29,0.0
29,30,0.0
30,31,0.0
31,32,0.0
32,33,1.0
33,34,1.0
34,35,0.0
35,36,0.0
36,37,1.0
37,38,1.0
38,39,0.0
39,40,0.0
40,41,0.0
41,42,0.0
42,43,0.0
43,44,1.0
44,45,1.0
45,46,0.0
46,47,0.0
47,48,0.0
48,49,1.0
49,50,1.0
50,51,0.0
51,52,0.0
52,53,1.0
53,54,1.0
54,55,0.0
55,56,0.0
56,57,0.0
57,58,0.0
58,59,0.0
59,60,1.0
60,61,0.0
61,62,0.0
62,63,0.0
63,64,1.0
64,65,0.0
65,66,1.0
66,67,1.0
67,68,0.0
68,69,0.0
69,70,1.0
70,71,1.0
71,72,0.0
72,73,1.0
73,74,0.0
74,75,1.0
75,76,0.0
76,77,0.0
77,78,1.0
78,79,0.0
79,80,1.0
80,81,0.0
81,82,0.0
82,83,0.0
83,84,0.0
84,85,0.0
85,86,0.0
86,87,1.0
87,88,1.0
88,89,1.0
89,90,0.0
90,91,1.0
91,92,0.0
92,93,1.0
93,94,0.0
94,95,0.0
95,96,0.0
96,97,1.0
97,98,0.0
98,99,1.0
99,100,0.0
100,101,1.0
101,102,0.0
102,103,0.0
103,104,0.0
104,105,1.0
105,106,0.0
106,107,0.0
107,108,0.0
108,109,0.0
109,110,0.0
110,111,0.0
111,112,1.0
112,113,1.0
113,114,1.0
114,115,1.0
115,116,0.0
116,117,0.0
117,118,1.0
118,119,0.0
119,120,1.0
120,121,1.0
121,122,0.0
122,123,1.0
123,124,0.0
124,125,0.0
125,126,1.0
126,127,0.0
127,128,1.0
128,129,0.0
129,130,0.0
130,131,0.0
131,132,0.0
132,133,1.0
133,134,0.0
134,135,0.0
135,136,0.0
136,137,0.0
137,138,0.0
138,139,1.0
139,140,0.0
140,141,1.0
141,142,1.0
142,143,0.0
143,144,0.0
144,145,0.0
145,146,0.0
146,147,0.0
147,148,0.0
148,149,0.0
149,150,0.0
150,151,1.0
151,152,0.0
152,153,0.0
153,154,1.0
154,155,0.0
155,156,0.0
156,157,1.0
157,158,1.0
158,159,0.0
159,160,1.0
160,161,1.0
161,162,0.0
162,163,1.0
163,164,0.0
164,165,0.0
165,166,1.0
166,167,0.0
167,168,0.0
168,169,1.0
169,170,1.0
170,171,0.0
171,172,0.0
172,173,0.0
173,174,0.0
174,175,0.0
175,176,1.0
176,177,1.0
177,178,0.0
178,179,1.0
179,180,1.0
180,181,0.0
181,182,0.0
182,183,1.0
183,184,0.0
184,185,1.0
185,186,0.0
186,187,1.0
187,188,0.0
188,189,1.0
189,190,0.0
190,191,0.0
191,192,0.0
192,193,0.0
193,194,0.0
194,195,0.0
195,196,0.0
196,197,0.0
197,198,1.0
198,199,0.0
199,200,1.0
200,201,1.0
201,202,0.0
202,203,0.0
203,204,1.0
204,205,0.0
205,206,0.0
206,207,1.0
207,208,0.0
208,209,1.0
209,210,0.0
210,211,0.0
211,212,0.0
212,213,0.0
213,214,1.0
214,215,1.0
215,216,0.0
216,217,1.0
217,218,0.0
218,219,1.0
219,220,0.0
220,221,1.0
221,222,0.0
222,223,1.0
223,224,0.0
224,225,1.0
225,226,1.0
226,227,0.0
227,228,1.0
228,229,0.0
229,230,0.0
230,231,0.0
231,232,1.0
232,233,0.0
233,234,0.0
234,235,0.0
235,236,0.0
236,237,0.0
237,238,0.0
238,239,1.0
239,240,1.0
240,241,1.0
241,242,1.0
242,243,0.0
243,244,0.0
244,245,0.0
245,246,0.0
246,247,1.0
247,248,0.0
248,249,1.0
249,250,1.0
250,251,1.0
251,252,0.0
252,253,0.0
253,254,0.0
254,255,0.0
255,256,0.0
256,257,0.0
257,258,0.0
258,259,1.0
259,260,0.0
260,261,0.0
261,262,0.0
262,263,1.0
263,264,1.0
264,265,0.0
265,266,0.0
266,267,0.0
267,268,0.0
268,269,1.0
269,270,0.0
270,271,0.0
271,272,0.0
272,273,1.0
273,274,1.0
274,275,0.0
275,276,1.0
276,277,0.0
277,278,0.0
278,279,0.0
279,280,0.0
280,281,1.0
281,282,0.0
282,283,1.0
283,284,1.0
284,285,1.0
285,286,0.0
286,287,0.0
287,288,0.0
288,289,0.0
289,290,0.0
290,291,0.0
291,292,1.0
292,293,0.0
293,294,0.0
294,295,0.0
295,296,0.0
296,297,1.0
297,298,0.0
298,299,0.0
299,300,0.0
300,301,0.0
301,302,0.0
302,303,0.0
303,304,0.0
304,305,1.0
305,306,1.0
306,307,0.0
307,308,0.0
308,309,0.0
309,310,1.0
310,311,0.0
311,312,0.0
312,313,0.0
313,314,1.0
314,315,1.0
315,316,1.0
316,317,0.0
317,318,0.0
318,319,0.0
319,320,0.0
320,321,0.0
321,322,0.0
322,323,0.0
323,324,0.0
324,325,1.0
325,326,0.0
326,327,1.0
327,328,0.0
328,329,0.0
329,330,0.0
330,331,1.0
331,332,0.0
332,333,0.0
333,334,1.0
334,335,0.0
335,336,0.0
336,337,0.0
337,338,0.0
338,339,0.0
339,340,0.0
340,341,0.0
341,342,0.0
342,343,0.0
343,344,1.0
344,345,0.0
345,346,1.0
346,347,0.0
347,348,1.0
348,349,0.0
349,350,1.0
350,351,1.0
351,352,0.0
352,353,0.0
353,354,0.0
354,355,1.0
355,356,0.0
356,357,1.0
357,358,0.0
358,359,0.0
359,360,1.0
360,361,0.0
361,362,1.0
362,363,1.0
363,364,0.0
364,365,1.0
365,366,1.0
366,367,0.0
367,368,1.0
368,369,1.0
369,370,0.0
370,371,0.0
371,372,1.0
372,373,0.0
373,374,0.0
374,375,1.0
375,376,1.0
376,377,1.0
377,378,0.0
378,379,0.0
379,380,0.0
380,381,0.0
381,382,0.0
382,383,1.0
383,384,1.0
384,385,0.0
385,386,1.0
386,387,0.0
387,388,0.0
388,389,0.0
389,390,0.0
390,391,0.0
391,392,1.0
392,393,0.0
393,394,0.0
394,395,0.0
395,396,1.0
396,397,0.0
397,398,1.0
398,399,0.0
399,400,0.0
400,401,1.0
401,402,0.0
402,403,1.0
403,404,0.0
404,405,0.0
405,406,0.0
406,407,0.0
407,408,0.0
408,409,1.0
409,410,1.0
410,411,1.0
411,412,1.0
412,413,1.0
413,414,0.0
414,415,1.0
415,416,0.0
416,417,0.0
417,418,0.0
